start=844.594000
volume=78.000000
