start=2.302000
volume=62.000000
